$0
682   1.16979e+06    21   43   23  1.55939e+06
1
365   579902    23   534   2  1.40859e+06
2
412   583100    122   234   12  1.49249e+06
3
408   701774    76   585   180  1.13977e+06
4
687   1.07251e+06    96   563   40  1.29637e+06
5
745   1.19012e+06    98   324   212  1.7063e+06
6
679   1.07307e+06    85   595   110  1.76837e+06
7
701   1.0992e+06    81   620   0  1.94007e+06
8
745   1.18863e+06    78   637   30  2.1536e+06
9
762   1.2111e+06    76   686   0  2.3589e+06
10
741   1.16886e+06    72   669   0  2.55005e+06
11
731   1.12969e+06    53   678   0  2.71884e+06
12
726   1.12513e+06    61   625   40  2.89997e+06
13
755   1.15275e+06    51   614   90  3.08802e+06
14
712   1.07877e+06    51   621   40  3.24298e+06
15
726   1.11232e+06    40   667   0  3.42821e+06
16
733   1.10093e+06    45   647   60  3.56054e+06
17
712   1.06434e+06    44   638   30  3.69948e+06
18
725   1.08674e+06    41   644   40  3.84752e+06
19
723   1.08529e+06    44   609   70  4.00511e+06
