1
10
3   100.7   3   3
3   70.4   3   3
2   83.2   3   3
2   59.7   3   3
2   93.4   3   3
3   94.3   3   3
2   78.9   3   3
2   78.9   3   3
3   67.5   3   3
3   52.8   3   3
10
3   91.5   3   3
2   58.8   3   3
2   96.1   3   3
3   82.1   3   3
3   127.6   3   3
3   106.9   3   3
3   79.8   3   3
2   98.5   3   3
2   89.9   3   3
2   73   3   3
10
3   96.1   3   3
3   100.6   3   3
2   59.9   3   3
2   117.9   3   3
2   96.9   3   3
3   104.4   3   3
2   86.7   3   3
2   99.6   3   3
3   90.8   3   3
2   39.9   3   3
10
2   129   3   3
3   107.2   3   3
2   57.7   3   3
3   61.9   3   3
2   45.7   3   3
3   48   3   3
2   40.5   3   3
2   125.1   3   3
2   88.1   3   3
2   117.7   3   3
10
3   94.3   3   3
2   73   3   3
3   108.1   3   3
2   75.1   3   3
3   92.5   3   3
3   63   3   3
2   139.9   3   3
3   69.2   3   3
2   69.8   3   3
3   73.4   3   3
10
3   95.4   3   3
2   95.3   3   3
3   100.4   3   3
2   83.8   3   3
3   74.8   3   3
3   46.4   3   3
3   94.2   3   3
2   98.9   3   3
2   77.1   3   3
3   85.2   3   3
10
1   49.7   3   3
1   89.4   3   3
1   100.3   3   3
1   114.6   3   3
1   83.9   3   3
1   67.1   3   3
1   79.1   3   3
1   114.4   3   3
1   80.8   3   3
1   107.5   3   3
10
1   87.4   3   3
1   98.6   3   3
1   75.4   3   3
1   92.6   3   3
1   68.9   3   3
1   77.8   3   3
1   121.7   3   3
1   94.3   3   3
1   79.8   3   3
1   71   3   3
10
1   125.8   3   3
1   78   3   3
1   92.2   3   3
1   78.3   3   3
1   110.2   3   3
1   81.1   3   3
1   86.7   3   3
1   66.3   3   3
1   90.6   3   3
1   125.7   3   3
10
3   88.4   3   3
3   90.9   3   3
3   88.4   3   3
2   76.5   3   3
3   88.9   3   3
3   71.6   3   3
3   68.6   3   3
2   96.8   3   3
3   69.4   3   3
2   116.8   3   3
10
3   75.5   3   3
3   86.8   3   3
3   75.9   3   3
3   72.8   3   3
2   121.3   3   3
2   42.5   3   3
2   78.7   3   3
3   99.9   3   3
3   99.8   3   3
3   68   3   3
10
3   85.3   3   3
2   76.8   3   3
3   105.7   3   3
3   65.9   3   3
3   97.2   3   3
3   75.2   3   3
2   127.5   3   3
2   108.6   3   3
3   87.4   3   3
3   75.4   3   3
10
2   97.6   3   3
3   71.2   3   3
3   62.3   3   3
2   79.8   3   3
3   119.5   3   3
2   79.7   3   3
2   115   3   3
3   93.6   3   3
2   66.7   3   3
2   88.7   3   3
10
3   101.6   3   3
2   103.6   3   3
2   81.5   3   3
3   88.1   3   3
2   120.8   3   3
2   67.4   3   3
2   105.8   3   3
2   86.3   3   3
2   94.7   3   3
3   108   3   3
10
3   120.5   3   3
3   90.2   3   3
3   90.5   3   3
3   108   3   3
3   78.9   3   3
3   80.3   3   3
2   121.7   3   3
3   79.7   3   3
2   77.3   3   3
3   109.1   3   3
10
1   75.3   3   3
1   71   3   3
1   69.7   3   3
1   119.1   3   3
1   81.8   3   3
1   69   3   3
1   72.6   3   3
1   93   3   3
1   42.1   3   3
1   69.3   3   3
10
2   55.2   3   3
3   98.6   3   3
3   47.6   3   3
3   54.5   3   3
3   71.6   3   3
2   83.5   3   3
3   112.2   3   3
2   122.9   3   3
3   90.4   3   3
2   105.2   3   3
10
1   98.7   3   3
1   85.2   3   3
1   88.9   3   3
1   103.3   3   3
1   84.1   3   3
1   84.5   3   3
1   122   3   3
1   97.9   3   3
1   73.8   3   3
1   102.2   3   3
10
2   43.7   3   3
3   93.7   3   3
3   82.5   3   3
3   98.3   3   3
2   109.7   3   3
3   73.5   3   3
2   59.4   3   3
3   89.6   3   3
3   94.1   3   3
2   124.3   3   3
10
3   95.2   3   3
3   93.4   3   3
2   61.4   3   3
2   79.8   3   3
3   102.6   3   3
3   73.9   3   3
2   93.5   3   3
2   124.4   3   3
2   81   3   3
3   121.6   3   3
10
3   55.9   3   3
2   89.7   3   3
3   114.9   3   3
2   80.8   3   3
2   70.3   3   3
2   112.8   3   3
3   72   3   3
2   116.2   3   3
3   90.4   3   3
2   87.1   3   3
10
1   37.1   3   3
1   62.3   3   3
1   85.1   3   3
1   82.2   3   3
1   67.6   3   3
1   71.7   3   3
1   96.1   3   3
1   90.3   3   3
1   88.8   3   3
1   99.6   3   3
10
1   91.5   3   3
1   78.1   3   3
1   51.6   3   3
1   72.1   3   3
1   83   3   3
1   59.6   3   3
1   88.6   3   3
1   90.1   3   3
1   59.7   3   3
1   88.2   3   3
10
2   77.2   3   3
3   78.9   3   3
2   62.5   3   3
3   89.2   3   3
2   86.2   3   3
2   91.5   3   3
2   112.8   3   3
3   51.5   3   3
2   59.1   3   3
3   67.6   3   3
10
3   69.1   3   3
3   101.4   3   3
3   96.5   3   3
2   62.3   3   3
2   95.3   3   3
2   64.1   3   3
2   91.6   3   3
2   101.9   3   3
2   94.5   3   3
3   93.5   3   3
10
3   107.1   3   3
2   106.9   3   3
3   73.2   3   3
2   90   3   3
2   83.3   3   3
3   74.3   3   3
2   85.4   3   3
2   88.2   3   3
2   132.5   3   3
2   70.2   3   3
10
2   108.9   3   3
2   90.1   3   3
3   79.4   3   3
2   80   3   3
3   84.1   3   3
3   106.2   3   3
2   96.5   3   3
2   37.8   3   3
3   75.2   3   3
2   65.3   3   3
10
3   115.1   3   3
3   107.8   3   3
2   74   3   3
2   118.5   3   3
3   69.1   3   3
2   72.9   3   3
3   109.1   3   3
3   96.8   3   3
3   106.9   3   3
2   117   3   3
10
1   92.7   3   3
1   87.2   3   3
1   80.7   3   3
1   81.1   3   3
1   83.1   3   3
1   81   3   3
1   104.8   3   3
1   117.6   3   3
1   105.2   3   3
1   78.7   3   3
10
1   141.6   3   3
1   94.9   3   3
1   68   3   3
1   80.6   3   3
1   88.8   3   3
1   94.2   3   3
1   76   3   3
1   101.5   3   3
1   102.9   3   3
1   81.9   3   3
10
1   93.9   3   3
1   84.6   3   3
1   91.1   3   3
1   90.4   3   3
1   63.6   3   3
1   41.9   3   3
1   125.7   3   3
1   70   3   3
1   54.2   3   3
1   86   3   3
10
3   92.3   3   3
2   91.7   3   3
3   39   3   3
3   128.6   3   3
3   84.9   3   3
2   89.1   3   3
2   81.4   3   3
2   71.5   3   3
2   71.6   3   3
2   68.7   3   3
10
3   95.5   3   3
3   118.1   3   3
3   79.8   3   3
2   101.6   3   3
3   95.8   3   3
3   62.8   3   3
2   70.6   3   3
3   92.8   3   3
2   75.5   3   3
2   115.6   3   3
10
2   49.8   3   3
2   94.2   3   3
3   79.7   3   3
2   69.1   3   3
3   59.9   3   3
2   95.4   3   3
2   115.8   3   3
3   84.9   3   3
2   138.5   3   3
2   90.2   3   3
10
3   88.2   3   3
2   78.5   3   3
3   79.1   3   3
3   46.2   3   3
3   95.1   3   3
3   81.5   3   3
3   119.5   3   3
2   108.1   3   3
3   112   3   3
2   114.7   3   3
10
1   66.9   3   3
1   61.1   3   3
1   114.2   3   3
1   109.3   3   3
1   75   3   3
1   50.7   3   3
1   70.1   3   3
1   88.1   3   3
1   114.6   3   3
1   60.6   3   3
10
2   55.5   3   3
2   62.7   3   3
2   61.3   3   3
2   83.6   3   3
2   127.9   3   3
3   58.3   3   3
3   93   3   3
3   76.1   3   3
2   105   3   3
2   108.2   3   3
10
2   102.1   3   3
3   87.8   3   3
3   83.3   3   3
3   116.6   3   3
2   95.4   3   3
3   86.2   3   3
3   91.2   3   3
2   86.6   3   3
2   88.2   3   3
2   71.8   3   3
10
3   113.5   3   3
2   66.3   3   3
3   72.5   3   3
3   65.4   3   3
3   53.3   3   3
2   65   3   3
3   137.5   3   3
3   71.8   3   3
3   101.9   3   3
2   107.7   3   3
10
3   104.3   3   3
3   113.6   3   3
3   89.8   3   3
2   37.2   3   3
2   62.5   3   3
3   113.3   3   3
2   104.1   3   3
2   109.1   3   3
2   117   3   3
3   72.2   3   3
10
1   73.4   3   3
1   123   3   3
1   74.3   3   3
1   98   3   3
1   114.3   3   3
1   77.3   3   3
1   75.1   3   3
1   75.5   3   3
1   125.4   3   3
1   84.7   3   3
10
2   85.6   3   3
2   80.5   3   3
3   62.9   3   3
2   72.2   3   3
3   37.2   3   3
2   51.5   3   3
2   97.8   3   3
2   93.3   3   3
2   77.1   3   3
2   88.2   3   3
10
1   90.1   3   3
1   75.6   3   3
1   48.4   3   3
1   97.8   3   3
1   86.9   3   3
1   84.7   3   3
1   101.2   3   3
1   83.4   3   3
1   100.5   3   3
1   100.9   3   3
10
2   113.9   3   3
3   96.3   3   3
3   99.1   3   3
2   76.9   3   3
3   105.6   3   3
2   94.5   3   3
2   102.7   3   3
2   85.2   3   3
2   87.4   3   3
3   75.2   3   3
10
3   90.7   3   3
3   40.6   3   3
3   101.1   3   3
2   110.1   3   3
3   56.1   3   3
2   58.7   3   3
3   70.5   3   3
2   90.8   3   3
3   60.2   3   3
2   83.7   3   3
10
3   31.9   3   3
2   66   3   3
2   85.2   3   3
3   56.4   3   3
2   105   3   3
3   114.1   3   3
2   57.2   3   3
3   75.8   3   3
2   97.4   3   3
2   68.4   3   3
10
2   79.9   3   3
3   86.5   3   3
2   101.4   3   3
2   79.2   3   3
2   87   3   3
3   127.1   3   3
3   88.3   3   3
3   109.3   3   3
2   94.5   3   3
3   67.3   3   3
10
2   77.9   3   3
2   81.6   3   3
2   69.5   3   3
2   127.9   3   3
2   121.4   3   3
2   87.2   3   3
2   89.5   3   3
2   79.3   3   3
2   83.1   3   3
2   75.7   3   3
10
1   62.5   3   3
1   100.2   3   3
1   108.2   3   3
1   64.7   3   3
1   79.5   3   3
1   66.3   3   3
1   78.2   3   3
1   82.5   3   3
1   75   3   3
1   67   3   3
10
1   90.4   3   3
1   93.1   3   3
1   104.2   3   3
1   103.1   3   3
1   74.4   3   3
1   79.1   3   3
1   57.3   3   3
1   99.7   3   3
1   89.7   3   3
1   87.9   3   3
10
3   101.6   3   3
2   80.9   3   3
2   101.4   3   3
2   62.6   3   3
3   115   3   3
2   86.4   3   3
3   89.9   3   3
3   83.2   3   3
2   74.4   3   3
3   96.2   3   3
10
1   101.4   3   3
1   75.8   3   3
1   62.7   3   3
1   89.8   3   3
1   81.7   3   3
1   80.3   3   3
1   104.9   3   3
1   95   3   3
1   47.3   3   3
1   83.6   3   3
10
2   86.8   3   3
3   93.8   3   3
2   82.8   3   3
2   96.5   3   3
3   91.7   3   3
2   83.2   3   3
3   64.9   3   3
3   78.3   3   3
3   80.8   3   3
2   79.4   3   3
10
2   118.9   3   3
3   71.1   3   3
2   38.1   3   3
3   51.3   3   3
3   104.9   3   3
2   132.4   3   3
2   72   3   3
2   114.5   3   3
2   85.4   3   3
2   119.8   3   3
10
1   56.1   3   3
1   64   3   3
1   54.2   3   3
1   81.9   3   3
1   56.1   3   3
1   70.4   3   3
1   61.2   3   3
1   69.6   3   3
1   103.5   3   3
1   100.8   3   3
10
2   84.4   3   3
3   93.5   3   3
2   114.6   3   3
3   80.5   3   3
2   79.9   3   3
3   82   3   3
2   88.8   3   3
3   123   3   3
3   90.5   3   3
2   75   3   3
10
3   82.7   3   3
3   73.5   3   3
3   79.9   3   3
2   65.5   3   3
3   102.6   3   3
3   74.7   3   3
2   96.4   3   3
2   99.4   3   3
3   90.8   3   3
3   83.1   3   3
10
1   90.9   3   3
1   76.3   3   3
1   83.9   3   3
1   77.2   3   3
1   101.2   3   3
1   73.9   3   3
1   90.2   3   3
1   95   3   3
1   87   3   3
1   83   3   3
10
2   66.2   3   3
3   52.1   3   3
2   69.9   3   3
2   91.7   3   3
3   91.3   3   3
3   94.5   3   3
3   73   3   3
3   92.5   3   3
2   88.4   3   3
2   90.8   3   3
10
2   128.7   3   3
3   110.7   3   3
2   51.5   3   3
3   100.4   3   3
2   72.9   3   3
3   108.6   3   3
2   96   3   3
2   97.5   3   3
2   76.6   3   3
2   90.3   3   3
10
1   105.1   3   3
1   74.2   3   3
1   86.9   3   3
1   70.1   3   3
1   64.8   3   3
1   112   3   3
1   132.7   3   3
1   70.5   3   3
1   72.6   3   3
1   81.4   3   3
10
3   89.3   3   3
2   83.8   3   3
2   108.1   3   3
2   105.9   3   3
2   88.2   3   3
3   63.3   3   3
3   121.3   3   3
3   129.5   3   3
3   69.2   3   3
2   70.3   3   3
10
2   89.4   3   3
3   78.5   3   3
3   117.9   3   3
2   99.6   3   3
3   57   3   3
2   114.1   3   3
2   104.2   3   3
2   87.1   3   3
2   103.8   3   3
2   97.3   3   3
10
2   83.9   3   3
3   30.6   3   3
2   49.5   3   3
3   106.1   3   3
2   103.2   3   3
3   118.3   3   3
2   76   3   3
3   94.4   3   3
2   69.8   3   3
3   106.1   3   3
10
3   65.9   3   3
2   74.4   3   3
3   66.9   3   3
3   86   3   3
3   82.2   3   3
3   73.2   3   3
2   105.4   3   3
3   52.3   3   3
2   76.4   3   3
2   76.4   3   3
10
1   85.4   3   3
1   49.7   3   3
1   84.5   3   3
1   80   3   3
1   79.6   3   3
1   75.8   3   3
1   111.6   3   3
1   118.9   3   3
1   62.1   3   3
1   125.5   3   3
10
2   76.4   3   3
3   42.3   3   3
2   63.6   3   3
3   80.9   3   3
2   100.1   3   3
3   46.5   3   3
2   89.8   3   3
3   142.4   3   3
3   76   3   3
2   75   3   3
10
1   124.2   3   3
1   74.4   3   3
1   86.9   3   3
1   113   3   3
1   72.3   3   3
1   64.4   3   3
1   51.4   3   3
1   69.8   3   3
1   63   3   3
1   107   3   3
10
2   68   3   3
2   97   3   3
3   60.5   3   3
2   78   3   3
2   76.2   3   3
3   63.5   3   3
3   102.5   3   3
3   79.5   3   3
3   91.8   3   3
3   57.7   3   3
10
1   91.6   3   3
1   75.6   3   3
1   86.1   3   3
1   80.3   3   3
1   82.7   3   3
1   103.6   3   3
1   110.1   3   3
1   78.6   3   3
1   59.8   3   3
1   103.7   3   3
10
1   97.8   3   3
1   111.9   3   3
1   107.7   3   3
1   61.1   3   3
1   76.7   3   3
1   91.8   3   3
1   60   3   3
1   102.4   3   3
1   102.3   3   3
1   100.7   3   3
10
1   89.8   3   3
1   65.7   3   3
1   110.7   3   3
1   102.3   3   3
1   69.7   3   3
1   114.9   3   3
1   66   3   3
1   98.9   3   3
1   70.1   3   3
1   35.8   3   3
10
2   38.9   3   3
3   90.6   3   3
3   57.2   3   3
3   94.5   3   3
3   70.5   3   3
3   76.1   3   3
2   42.2   3   3
2   79   3   3
3   115.9   3   3
3   62.8   3   3
10
2   76.6   3   3
3   95.2   3   3
2   89   3   3
2   55.5   3   3
3   98.4   3   3
2   120   3   3
2   80.9   3   3
2   106.5   3   3
3   55.3   3   3
2   90.5   3   3
10
2   67.4   3   3
3   81.8   3   3
3   76.2   3   3
3   86   3   3
2   87.1   3   3
3   75.1   3   3
3   97.5   3   3
3   105.4   3   3
3   70.3   3   3
3   50   3   3
10
3   63   3   3
2   76.2   3   3
2   83.6   3   3
2   88.2   3   3
2   93.1   3   3
3   70.2   3   3
3   83.7   3   3
2   90.7   3   3
2   90   3   3
2   93.1   3   3
10
3   120.4   3   3
2   96.2   3   3
2   99.4   3   3
2   96.6   3   3
3   73.5   3   3
2   98.9   3   3
2   67   3   3
3   100.4   3   3
2   70.3   3   3
3   79.2   3   3
10
3   100.8   3   3
3   110.8   3   3
3   101.5   3   3
2   102.3   3   3
3   64.6   3   3
3   105.7   3   3
2   122.8   3   3
3   61.1   3   3
2   82.4   3   3
2   90.7   3   3
10
3   81   3   3
2   128.2   3   3
2   89.6   3   3
3   107.1   3   3
3   79.2   3   3
2   88.2   3   3
2   114.5   3   3
2   84.2   3   3
3   111.6   3   3
3   77.8   3   3
10
2   65   3   3
3   70.9   3   3
2   47.3   3   3
2   104.5   3   3
3   93   3   3
2   100.9   3   3
2   31.1   3   3
3   123.6   3   3
2   74.7   3   3
3   73.4   3   3
10
2   66.8   3   3
3   58.1   3   3
3   121.5   3   3
2   83.4   3   3
3   119.4   3   3
3   111.7   3   3
2   99.1   3   3
3   86   3   3
3   73.2   3   3
2   55.8   3   3
10
1   75.7   3   3
1   72.8   3   3
1   92.9   3   3
1   99   3   3
1   34.3   3   3
1   96.9   3   3
1   85.6   3   3
1   91.2   3   3
1   118.3   3   3
1   77.4   3   3
10
3   85.5   3   3
3   120.5   3   3
3   105.2   3   3
2   118.7   3   3
2   85.4   3   3
3   104.5   3   3
2   56.5   3   3
3   103.9   3   3
3   87.5   3   3
2   86.5   3   3
10
2   78.5   3   3
3   85.3   3   3
2   124.2   3   3
3   73.2   3   3
3   86.5   3   3
3   85.5   3   3
2   97.1   3   3
2   90.4   3   3
3   92   3   3
2   57.4   3   3
10
2   62.2   3   3
2   62.9   3   3
2   68.3   3   3
2   81.9   3   3
3   97.6   3   3
2   121.8   3   3
2   70.7   3   3
2   63.6   3   3
3   95.9   3   3
3   78.9   3   3
10
3   74   3   3
3   74   3   3
3   65.3   3   3
2   43.7   3   3
3   92.4   3   3
3   83.1   3   3
3   112.8   3   3
3   81.9   3   3
2   78.8   3   3
2   98.5   3   3
10
1   90.3   3   3
1   118   3   3
1   70.8   3   3
1   77.5   3   3
1   100.4   3   3
1   97.8   3   3
1   82.2   3   3
1   79.8   3   3
1   118.2   3   3
1   78.9   3   3
10
3   110   3   3
3   109.7   3   3
3   102.7   3   3
3   85.9   3   3
2   83.5   3   3
3   78.2   3   3
2   110.6   3   3
3   120.4   3   3
3   73   3   3
2   91.3   3   3
10
3   72.5   3   3
2   52.6   3   3
3   100.1   3   3
3   139.3   3   3
3   66   3   3
3   53.6   3   3
3   55.4   3   3
2   90.8   3   3
2   88.9   3   3
2   87.2   3   3
10
3   92.1   3   3
3   125.5   3   3
2   95.3   3   3
3   83.3   3   3
3   96.3   3   3
2   113.6   3   3
2   43.4   3   3
3   75.2   3   3
2   73.7   3   3
2   106.5   3   3
10
1   122.9   3   3
1   82.6   3   3
1   84.8   3   3
1   99.6   3   3
1   71.8   3   3
1   71.3   3   3
1   83.6   3   3
1   62   3   3
1   65.1   3   3
1   105.8   3   3
10
3   100.1   3   3
3   76.2   3   3
3   68.7   3   3
3   73.7   3   3
3   103.6   3   3
2   60.1   3   3
3   104.7   3   3
2   73.8   3   3
2   106.8   3   3
2   95.6   3   3
10
3   75.3   3   3
3   99.3   3   3
3   110.9   3   3
2   98.7   3   3
2   80.5   3   3
3   108.8   3   3
2   76.6   3   3
3   72.3   3   3
3   87.9   3   3
3   119   3   3
10
2   80.5   3   3
2   63.4   3   3
3   71.7   3   3
3   88.9   3   3
3   93.3   3   3
2   92.1   3   3
2   77.9   3   3
3   71.4   3   3
3   88.7   3   3
2   32.3   3   3
10
3   79.7   3   3
3   78.3   3   3
2   90.6   3   3
2   103.7   3   3
3   42.3   3   3
3   89.3   3   3
2   71.1   3   3
3   51.3   3   3
2   91.1   3   3
2   98.9   3   3
10
2   94.7   3   3
2   91.6   3   3
3   56.1   3   3
3   78.7   3   3
2   113.1   3   3
3   101   3   3
2   95.9   3   3
2   82.3   3   3
3   124.8   3   3
3   52.2   3   3
10
1   73.9   3   3
1   110.8   3   3
1   115.5   3   3
1   79   3   3
1   82.2   3   3
1   101.9   3   3
1   78.6   3   3
1   78.1   3   3
1   104.2   3   3
1   64.2   3   3
10
1   100.3   3   3
1   108.4   3   3
1   70.3   3   3
1   81.9   3   3
1   103.1   3   3
1   103.5   3   3
1   55.2   3   3
1   88.6   3   3
1   78.8   3   3
1   62.9   3   3
10
2   61.3   3   3
2   91.7   3   3
3   102.5   3   3
2   117.5   3   3
2   69.4   3   3
3   123.5   3   3
3   109.4   3   3
3   87.4   3   3
3   42.4   3   3
3   94.9   3   3
10
2   92   3   3
2   80.2   3   3
3   93   3   3
2   67.3   3   3
3   87.8   3   3
3   50.4   3   3
3   68.1   3   3
2   102.4   3   3
2   94.9   3   3
2   66.8   3   3
